0 0 0 0 0 0
-0.0253318 0.000624371 -0.0563262 -0.0267896 -0.0595418 0.945995
-0.0219042 0.000431102 -0.0606449 0.0290324 -0.0365221 0.118249
-0.012288 -0.000168471 -0.065519 0.0271598 -0.0137397 0.354748
-0.00950927 -0.000383887 -0.0971186 0.00589254 -0.0668071 0.472997
0.00243312 -0.00160973 -0.110043 0.0203049 -0.0218598 0.591247
0.0492077 -0.00615938 -0.0795214 0.0567773 0.0368733 0.827745
0.0717038 -0.0071774 -0.00112362 0.0238107 0.0828734 0.945995
0.105194 -0.00780779 -0.0415745 0.0354106 -0.0427602 0.945995
0.112798 -0.00807716 -0.0230854 0.0214477 0.052119 0.354748
0.203536 -0.0111104 -0.0466972 0.0959746 -0.0249598 0.945995
0.252344 -0.0138286 -0.0681463 0.0689001 -0.0302315 0.709496
0.289404 -0.015548 -0.0158663 0.0522967 0.0736862 0.709496
0.284208 -0.0155444 0.0245696 -0.0109871 0.0854887 0.472997
0.311617 -0.01478 0.0321385 0.0289856 0.00800095 0.945995
0.316574 -0.0145937 0.0484243 0.0139835 0.0459081 0.354748
0.322689 -0.0142973 0.0422058 0.0517701 -0.0525884 0.118249
0.420715 -0.00859078 0.0780786 0.0922692 0.0337073 1.06424
0.522868 0.00422315 0.18317 0.0967833 0.0987476 1.06424
0.504992 0.000745769 0.210033 -0.0513377 0.075723 0.354748
0.543952 0.00852509 0.177655 0.0671986 -0.0547618 0.591247
0.623791 0.0227397 0.174248 0.0979704 -0.00411596 0.827745
0.629745 0.0238305 0.189874 0.00568776 0.0146825 1.06424
0.685407 0.0356114 0.236618 0.0962378 0.0790597 0.591247
0.694794 0.0376533 0.180586 0.0162489 -0.0947677 0.591247
0.748461 0.0485318 0.224254 0.0514567 0.0410315 1.06424
0.758844 0.0509001 0.220987 0.0900643 -0.0276259 0.118249
0.815527 0.0648351 0.269163 0.0822782 0.0679009 0.709496
0.868641 0.0794481 0.267636 0.0517622 -0.00143421 1.06424
0.894638 0.0853595 0.168506 0.0250618 -0.0931461 1.06424
0.933945 0.0915308 0.134441 0.0841241 -0.0720185 0.472997
0.97807 0.0978119 0.150674 0.0538452 0.0196103 0.827745
0.999523 0.100933 0.132018 0.061111 -0.0525879 0.354748
1.01442 0.102568 0.0754128 0.0253463 -0.0957394 0.591247
1.02693 0.103147 0.00534294 0.0176567 -0.09876 0.709496
1.07609 0.102693 -0.0279524 0.0519725 -0.0351961 0.945995
1.12228 0.100291 -0.0813169 0.0391151 -0.0451288 1.18249
1.126 0.099926 -0.119039 0.00395225 -0.0398754 0.945995
1.18353 0.0920496 -0.157932 0.0613897 -0.0411132 0.945995
1.21565 0.0863842 -0.196002 0.0344801 -0.0402441 0.945995
1.21096 0.0873612 -0.220456 -0.0101392 -0.0516988 0.472997
1.21287 0.0869836 -0.158655 0.00275138 0.0871045 0.709496
1.25837 0.0782273 -0.230586 0.0489895 -0.0760374 0.945995
1.3521 0.0566765 -0.220249 0.0903721 0.0097135 1.06424
1.36988 0.0517188 -0.335197 0.0156155 -0.0972082 1.18249
1.44658 0.0264227 -0.297789 0.0758931 0.0351499 1.06424
1.49106 0.0128866 -0.292253 0.0561691 0.00668799 0.827745
1.47429 0.0181069 -0.313459 -0.0148527 -0.0179338 1.18249
1.51929 0.00409574 -0.287339 0.0442864 0.024544 1.06424
1.58744 -0.0156295 -0.274518 0.0750006 0.013552 0.945995
1.61831 -0.024431 -0.284108 0.0904971 -0.0270322 0.354748
1.65869 -0.0361791 -0.281568 0.0889004 0.00537089 0.472997
1.70682 -0.0505544 -0.302441 0.0707937 -0.0294201 0.709496
1.71686 -0.0536876 -0.294111 0.0889595 0.0704483 0.118249
1.80182 -0.0756449 -0.199888 0.0928021 0.0996012 0.945995
1.8175 -0.0790139 -0.235333 0.0451994 -0.0999143 0.354748
1.89211 -0.0952297 -0.187975 0.0645715 0.0400491 1.18249
1.95793 -0.108036 -0.197716 0.0810174 -0.0117681 0.827745
1.99744 -0.115966 -0.198559 0.042596 -0.000890998 0.945995
2.00674 -0.117837 -0.201648 0.0802138 -0.0261227 0.118249
2.10055 -0.13951 -0.258097 0.0814314 -0.0477371 1.18249
2.14844 -0.151676 -0.234849 0.0835688 0.0393195 0.591247
2.15265 -0.152681 -0.232699 0.00407338 0.0020209 1.06424
2.16914 -0.156665 -0.250086 0.0717355 -0.0735185 0.236499
2.17585 -0.158532 -0.30021 0.0084079 -0.0605558 0.827745
2.24381 -0.17652 -0.206917 0.0660819 0.0876619 1.06424
2.34945 -0.203465 -0.302082 0.0922301 -0.0804785 1.18249
2.36334 -0.207864 -0.312967 0.0205446 -0.0153413 0.709496
2.36561 -0.208539 -0.256084 0.00333168 0.0801737 0.709496
2.42854 -0.224957 -0.254129 0.0611078 0.0018364 1.06424
2.40273 -0.219034 -0.189954 -0.0248815 0.0603016 1.06424
2.43336 -0.224655 -0.17068 0.0329131 0.0203736 0.945995
2.45251 -0.227799 -0.153011 0.0164137 0.0149421 1.18249
2.51185 -0.236842 -0.14875 0.0846005 0.00600632 0.709496
2.52228 -0.238162 -0.0914498 0.0177931 0.0969143 0.591247
2.53752 -0.239475 -0.0693807 0.0646528 0.0933161 0.236499
2.56216 -0.242412 -0.178809 0.0210011 -0.09254 1.18249
2.61675 -0.254959 -0.284846 0.0526525 -0.0996365 1.06424
2.6224 -0.256627 -0.293885 0.0248998 -0.038221 0.236499
2.66453 -0.270485 -0.351133 0.0625292 -0.0806878 0.709496
2.70754 -0.286296 -0.353905 0.0553542 -0.00334889 0.827745
2.73098 -0.294697 -0.330566 0.0350923 0.032895 0.709496
2.75904 -0.304442 -0.341569 0.0837324 -0.0310167 0.354748
2.75485 -0.30276 -0.433403 -0.00477292 -0.0970768 0.945995
2.77823 -0.31416 -0.48047 0.0314324 -0.0568615 0.827745
2.83494 -0.339991 -0.362604 0.0527265 0.0996757 1.18249
2.84479 -0.343769 -0.376825 0.0446264 -0.0601314 0.236499
2.86742 -0.352188 -0.330318 0.0226901 0.0437001 1.06424
2.88518 -0.357836 -0.274347 0.0315226 0.0946657 0.591247
2.87066 -0.353815 -0.257316 -0.0637247 0.0720138 0.236499
2.85735 -0.350583 -0.21139 -0.0193096 0.0647297 0.709496
2.85966 -0.351079 -0.208387 0.0199851 0.0253948 0.118249
2.87803 -0.354927 -0.200529 0.0793808 0.0332267 0.236499
2.93442 -0.366804 -0.217528 0.081217 -0.0239591 0.709496
2.97844 -0.37723 -0.255074 0.0765205 -0.0635029 0.591247
3.04367 -0.393235 -0.222907 0.0568038 0.0272024 1.18249
3.08267 -0.402544 -0.25155 0.0678063 -0.0484448 0.591247
3.1446 -0.418819 -0.263588 0.0541545 -0.0101798 1.18249
3.18344 -0.429189 -0.257623 0.0339966 0.00504455 1.18249
3.20041 -0.433327 -0.215406 0.0184666 0.0446268 0.945995
3.2628 -0.447616 -0.23814 0.0773263 -0.0274653 0.827745
3.29166 -0.454708 -0.24668 0.0837663 -0.0240729 0.354748
3.2751 -0.450033 -0.315341 -0.024247 -0.096774 0.709496
3.35797 -0.476649 -0.304936 0.0920018 0.0109988 0.945995
3.37899 -0.482889 -0.261198 0.0463709 0.0924691 0.472997
3.40079 -0.489259 -0.319033 0.0384124 -0.0978184 0.591247
3.42681 -0.498031 -0.334446 0.0464386 -0.0260679 0.591247
3.44251 -0.503372 -0.316705 0.0350722 0.0375063 0.472997
3.46656 -0.511147 -0.306092 0.0534296 0.022439 0.472997
3.51393 -0.524887 -0.248998 0.0695261 0.080471 0.709496
3.57152 -0.541141 -0.311585 0.0843561 -0.088214 0.709496
3.58243 -0.5446 -0.293295 0.0483952 0.0773372 0.236499
3.59201 -0.547433 -0.270404 0.0422463 0.0967922 0.236499
3.65905 -0.564912 -0.233528 0.097653 0.0519753 0.709496
3.69277 -0.572546 -0.2009 0.0974639 0.091975 0.354748
3.69846 -0.573705 -0.200698 0.0491213 0.00170177 0.118249
3.74272 -0.582827 -0.207605 0.0955267 -0.0146019 0.472997
3.726 -0.578997 -0.246914 -0.0145004 -0.0332422 1.18249
3.77162 -0.590581 -0.25116 0.0663323 -0.00598429 0.709496
3.80884 -0.59888 -0.180473 0.0322604 0.0597778 1.18249
3.83477 -0.603606 -0.180144 0.0318325 0.000397594 0.827745
3.86908 -0.61012 -0.202531 0.0984611 -0.0631071 0.354748
3.93669 -0.623671 -0.191222 0.0971827 0.0159395 0.709496
3.95073 -0.6259 -0.112451 0.017177 0.095163 0.827745
3.95299 -0.626144 -0.100831 0.00214343 0.0109186 1.06424
3.96115 -0.626969 -0.099856 0.0693123 0.00824504 0.118249
3.9693 -0.627786 -0.104727 0.069318 -0.0411934 0.118249
3.99862 -0.630616 -0.0857981 0.0249108 0.0160078 1.18249
4.09954 -0.643811 -0.185293 0.0956712 -0.0934887 1.06424
4.10109 -0.644102 -0.186551 0.00666438 -0.0053186 0.236499
4.09 -0.64218 -0.146709 -0.0238042 0.0842325 0.472997
4.05553 -0.638515 -0.0549444 -0.0325801 0.0862251 1.06424
4.06498 -0.639035 -0.0596477 0.080068 -0.0397743 0.118249
4.11137 -0.64047 0.00734526 0.0560817 0.0809343 0.827745
4.18451 -0.640834 -0.0213771 0.0883628 -0.0346995 0.827745
4.18828 -0.640914 -0.0114233 0.0318238 0.0841763 0.118249
4.11747 -0.642797 0.0754576 -0.0748998 0.0918408 0.945995
4.16119 -0.638556 0.12858 0.0742988 0.0898482 0.591247
4.25136 -0.627667 0.109673 0.0853425 -0.0177661 1.06424
4.27952 -0.624693 0.0963025 0.0798427 -0.037689 0.354748
4.38111 -0.619446 -0.00302451 0.0860552 -0.0839979 1.18249
4.39045 -0.619474 0.00322263 0.0789848 0.0528302 0.118249
4.40104 -0.619374 0.0198821 0.0224092 0.0352211 0.472997
4.39102 -0.619674 0.0466677 -0.0211964 0.0566295 0.472997
4.42509 -0.616738 0.134012 0.0289226 0.0738649 1.18249
4.41874 -0.617623 0.144629 -0.0077452 0.0128256 0.827745
4.42406 -0.616806 0.167932 0.015183 0.0656881 0.354748
4.44055 -0.614049 0.158849 0.0706908 -0.0384051 0.236499
4.45886 -0.610915 0.187324 0.0392722 0.060202 0.472997
4.47235 -0.608347 0.190228 0.0580837 0.0122786 0.236499
4.5345 -0.596563 0.183402 0.089153 -0.00962108 0.709496
4.56173 -0.591336 0.197752 0.0293079 0.015169 0.945995
4.58397 -0.587082 0.171575 0.0638258 -0.0737889 0.354748
4.69634 -0.564468 0.231608 0.0969491 0.0507677 1.18249
4.67942 -0.568958 0.293444 -0.0148049 0.0522929 1.18249
4.67207 -0.571274 0.324642 -0.0162996 0.065958 0.472997
4.74413 -0.546982 0.325756 0.0803911 0.001178 0.945995
4.75771 -0.542946 0.243983 0.0119797 -0.0691531 1.18249
4.80945 -0.528768 0.300206 0.0756344 0.0792441 0.709496
4.88467 -0.503719 0.348821 0.083813 0.0513899 0.945995
4.91696 -0.491896 0.354159 0.0581628 0.00902791 0.591247
4.9686 -0.470363 0.446235 0.0525887 0.0865178 1.06424
4.97138 -0.469036 0.449361 0.0260069 0.0264388 0.118249
4.97643 -0.466598 0.453979 0.0474604 0.0390541 0.118249
4.98605 -0.461921 0.447923 0.045236 -0.0256062 0.236499
5.03101 -0.439744 0.472703 0.0706575 0.0349262 0.709496
5.10968 -0.39611 0.549796 0.095116 0.0814938 0.945995
5.08875 -0.409115 0.565513 -0.0416703 0.0265835 0.591247
5.14618 -0.370247 0.630998 0.0586543 0.0553786 1.18249
5.12114 -0.388943 0.661803 -0.0881027 0.0868348 0.354748
5.11402 -0.394489 0.666743 -0.0763203 0.0417755 0.118249
5.1303 -0.381503 0.683704 0.0440385 0.0358594 0.472997
5.11008 -0.398357 0.71665 -0.0742179 0.0928708 0.354748
5.10623 -0.401708 0.725036 -0.0431407 0.0709196 0.118249
5.10778 -0.400289 0.765532 0.0019698 0.0380513 1.06424
5.05965 -0.450026 0.847348 -0.0650459 0.0768776 1.06424
5.05395 -0.456486 0.85104 -0.0728917 0.0312219 0.118249
5.05252 -0.45815 0.875323 -0.00309172 0.0342254 0.709496
5.02184 -0.497671 0.957876 -0.0604578 0.0997328 0.827745
5.02022 -0.499791 0.864465 -0.00282471 -0.0987442 0.945995
5.00526 -0.517459 0.873295 -0.0195738 0.00746709 1.18249
4.99977 -0.524033 0.880263 -0.0362161 0.0294628 0.236499
4.97991 -0.54803 0.877944 -0.0658588 -0.00490295 0.472997
4.94867 -0.58649 0.902657 -0.0598659 0.0298559 0.827745
4.90894 -0.636512 0.896046 -0.054017 -0.00559078 1.18249
4.90051 -0.647055 0.896422 -0.0570837 0.00158978 0.236499
4.90673 -0.639926 0.799349 0.00889411 -0.091213 1.06424
4.84748 -0.706499 0.898731 -0.0837767 0.0933832 1.06424
4.84583 -0.70857 0.889303 -0.0112086 -0.0398647 0.236499
4.80625 -0.76084 0.965822 -0.06932 0.080887 0.945995
4.8175 -0.74542 0.90854 0.0201761 -0.0605526 0.945995
4.82618 -0.734425 0.893876 0.0197464 -0.0206672 0.709496
4.81253 -0.751207 0.880014 -0.0261344 -0.0167473 0.827745
4.79251 -0.775386 0.877508 -0.0884926 -0.00706337 0.354748
4.75729 -0.817528 0.87061 -0.0774104 -0.00972245 0.709496
4.71165 -0.87256 0.889056 -0.0863679 0.0222851 0.827745
4.71355 -0.87023 0.886908 0.0253727 -0.0181668 0.118249
4.67623 -0.917288 0.919228 -0.0846504 0.0455534 0.709496
4.65609 -0.944218 0.940212 -0.0316008 0.0197172 1.06424
4.65218 -0.949566 0.928615 -0.0559935 -0.0980767 0.118249
